575903
1850503
2760811
6286849
12275567
25511683
39274309
91935451
208362073
513485491
615672643
1278177661
3905040527
6700222519
14985046081
28554373387
57438460661
118340319347
227718945427
283869705929
1065428699771
1360344906223
4173913584089
7376349272497
16829568911299
26125845700733
64768148178343
107422162942649
194780958122557
398838841243261
806730538895531
1512218464664449
4466539508566591
4792624431018901
15474807893793629
27360697713549917
42006063146123459
124540557137710837
194661649871360653
375316912608132701
